0,1
[0,0,0,0,0,0,0]
[0,0,0,0,0,0]
1,1
[56,3,12,19,15,6,1]
[0,0,0,1,0,0]
2,1
[116,7,26,39,30,12,2]
[0,0,0,2,0,0]
3,1
[164,9,35,55,44,18,3]
[0,0,0,2,0,1]
4,1
[164,9,35,55,44,18,3]
[0,0,0,2,1,1]
5,2
[196,10,40,65,54,23,4]
[0,0,0,2,3,0]
[0,0,0,2,2,1]
6,1
[252,13,52,84,69,29,5]
[0,0,0,2,4,0]
7,1
[300,15,61,100,83,35,6]
[0,0,0,2,4,1]
8,2
[300,15,61,100,83,35,6]
[0,0,0,2,5,1]
[0,0,0,2,4,2]
9,2
[332,16,66,110,93,40,7]
[0,0,0,2,7,0]
[0,0,0,2,6,1]
10,1
[388,19,78,129,108,46,8]
[0,0,0,2,8,0]
11,1
[448,23,92,149,123,52,9]
[0,0,0,2,9,0]
12,1
[496,25,101,165,137,58,10]
[0,0,0,2,9,1]
13,1
[496,25,101,165,137,58,10]
[0,0,0,2,9,2]
14,1
[496,25,101,165,137,58,10]
[0,0,0,2,9,3]
15,1
[528,26,106,175,147,63,11]
[0,0,0,2,9,4]
16,1
[528,26,106,175,147,63,11]
[0,0,0,2,9,5]
17,1
[560,27,111,185,157,68,12]
[0,0,0,2,9,6]
18,1
[608,29,120,201,171,74,13]
[0,0,0,2,9,7]
19,1
[608,29,120,201,171,74,13]
[0,0,0,2,9,8]
20,1
[640,30,125,211,181,79,14]
[0,0,0,2,9,9]
21,1
[688,32,134,227,195,85,15]
[0,0,0,2,9,10]
22,1
[744,35,146,246,210,91,16]
[0,0,0,2,9,11]
23,1
[744,35,146,246,210,91,16]
[0,0,0,2,9,12]
24,1
[744,35,146,246,210,91,16]
[0,0,0,2,9,13]
25,1
[776,36,151,256,220,96,17]
[0,0,0,2,9,14]
26,1
[776,36,151,256,220,96,17]
[0,0,0,2,9,15]
27,1
[808,37,156,266,230,101,18]
[0,0,0,2,9,16]
28,1
[856,39,165,282,244,107,19]
[0,0,0,2,9,17]
29,1
[856,39,165,282,244,107,19]
[0,0,0,2,9,18]
30,1
[888,40,170,292,254,112,20]
[0,0,0,2,9,19]
31,1
[936,42,179,308,268,118,21]
[0,0,0,2,9,20]
32,1
[992,45,191,327,283,124,22]
[0,0,0,2,9,21]
33,1
[992,45,191,327,283,124,22]
[0,0,0,2,9,22]
34,1
[1024,46,196,337,293,129,23]
[0,0,0,2,9,23]
35,1
[1072,48,205,353,307,135,24]
[0,0,0,2,9,24]
36,1
[1128,51,217,372,322,141,25]
[0,0,0,2,9,25]
37,1
[1188,55,231,392,337,147,26]
[0,0,0,2,9,26]
